  Brink_Boeker INT. (SP SHELL)
 1 3 001 103 101
    19.905 33.175 33.175
    0    0    0    0.333333    0.000000
 0 1 001 001 001 001 0 1
   0.00000  -29.79195
  -9.93065   0.00000
 0 1 001 001 001 103 1 1
   0.00000
   0.00000
 0 1 001 001 001 101 0 1
   0.00000   0.00000
   0.00000   0.00000
 0 1 001 001 103 103 0 1
   0.00000   0.00000
   0.00000   0.00000
 0 1 001 001 103 101 1 1
   0.00000
   0.00000
 0 1 001 001 101 101 0 1
   0.00000   0.00000
   0.00000   0.00000
 0 1 001 103 001 103 1 2
   20.43836   88.59035
   36.79629   6.80073
 0 1 001 103 001 101 1 1
  -23.1336
