  Brink_Boeker INT. (SP SHELL)
 1 3 001 103 101
    35.7 59.5 59.5
    0    0    0    0.333333    0.000000
 0 1 001 001 001 001 0 1
   0.00000  -40.86344
  -13.62115   0.00000
 0 1 001 001 001 103 1 1
   0.00000
   0.00000
 0 1 001 001 001 101 0 1
   0.00000   0.00000
   0.00000   0.00000
 0 1 001 001 103 103 0 1
   0.00000   0.00000
   0.00000   0.00000
 0 1 001 001 103 101 1 1
   0.00000
   0.00000
 0 1 001 001 101 101 0 1
   0.00000   0.00000
   0.00000   0.00000
 0 1 001 103 001 103 1 2
   52.05142   220.20432
   92.08701   20.02639
 0 1 001 103 001 101 1 1
  -56.61887
   56.61887
 0 1 001 103 103 103 1 2
   0.00000   0.00000
   0.00000   0.00000
 0 1 001 103 103 101 1 2
   0.00000   0.00000
   0.00000   0.00000
 0 1 001 103 101 101 1 1
   0.00000
   0.00000
 0 1 001 101 001 101 0 1
   44.04086   92.08701
   4.00528   52.05142
 0 1 001 101 103 103 0 1
   0.00000   0.00000
   0.00000   0.00000
 0 1 001 101 103 101 1 1
   0.00000
   0.00000
 0 1 001 101 101 101 0 1
   0.00000   0.00000
   0.00000   0.00000
 0 1 103 103 103 103 0 3
   0.00000  -5.62006   0.00000  -58.5358
  -4.92725   0.00000  -0.58617   0.00000
 0 1 103 103 103 101 1 2
   14.48592   0.00000
   0.00000  -29.15056
 0 1 103 103 101 101 0 1
   0.00000   13.39887
  -6.31625   0.00000
 0 1 103 101 103 101 1 2
  -18.6751  -41.81129
   12.01583  -21.19873
 0 1 103 101 101 101 1 1
   7.78669
   0.00000
 0 1 101 101 101 101 0 1
   0.00000  -16.95633
  -0.46099   0.00000
